38.20
38.20
38.19
38.07
37.89
39.43
39.05
38.10
39.38
39.11
39.30
39.72
40.27
40.67
40.99
40.77
40.45
42.12
41.80
41.71
42.60
43.90
48.70
51.90
52.45
52.48
52.25
48.90
49.90
49.37
47.14
49.30
50.35
49.79
49.18
50.38
50.70
53.80
50.50
49.10
48.21
50.86
49.93
48.86
49.22
50.51
50.39
53.15
58.20
59.23
55.10
57.99
61.80
61.62
59.87
58.32
59.13
59.30
60.01
60.75
59.78
59.80
61.70
58.85
58.88
57.70
54.50
58.35
59.51
57.15
51.80
51.11
54.50
52.20
45.18
46.80
43.45
39.11
43.02
47.32
51.24
49.55
47.20
49.15
50.99
50.13
49.95
50.05
51.42
50.83
45.75
46.45
47.78
45.73
46.39
47.01
50.49
49.79
49.50
49.47
51.85
52.00
50.36
50.44
50.05
50.25
47.46
48.75
48.55
45.88
41.29
38.06
39.20
42.05
43.39
43.53
43.16
43.19
41.89
43.00
44.03
43.35
41.95
40.70
40.75
43.13
41.97
42.12
43.15
43.26
42.73
42.89
42.40
42.15
41.45
41.68
43.30
44.00
44.66
44.60
43.90
44.65
45.23
46.10
46.49
45.23
47.65
47.77
46.95
46.70
45.75
46.19
47.15
47.28
46.90
48.36
48.07
48.50
48.81
48.27
48.31
48.82
47.79
48.02
49.82
48.17
49.15
49.10
48.66
48.23
48.34
48.02
46.29
46.93
48.23
48.04
47.72
48.70
47.85
48.54
49.41
49.94
49.98
49.50
49.25
50.43
51.80
56.98
56.12
55.23
54.28
54.41
52.56
52.73
52.73
52.30
48.58
49.51
49.98
46.68
47.48
45.60
46.25
45.59
46.68
44.35
44.44
46.08
44.60
42.85
43.27
44.35
43.38
44.30
43.97
45.01
44.70
45.22
45.08
45.28
46.80
45.85
46.60
47.15
47.15
46.96
47.48
47.50
47.81
45.64
45.90
44.90
45.24
46.99
46.62
47.44
47.73
48.20
47.46
45.93
45.44
46.12
45.75
45.10
45.99
46.80
47.38
46.81
46.86
46.50
47.39
48.00
47.41
48.44
48.55
48.24
48.84
48.73
48.00
47.20
47.69
48.00
48.08
48.23
48.22
47.51
47.59
44.66
44.76
44.85
44.07
44.77
40.19
41.54
39.71
41.49
39.63
40.25
39.20
38.01
38.32
38.65
38.85
38.25
38.60
40.15
39.61
40.55
39.95
39.26
40.75
42.98
43.09
42.61
41.32
39.97
40.74
41.66
40.88
39.91
42.69
42.29
40.88
44.35
44.60
43.82
42.50
42.30
40.42
40.75
38.31
37.56
38.22
39.19
38.25
37.39
37.62
38.58
38.43
39.82
41.27
40.93
38.30
37.13
38.90
38.80
39.39
38.61
40.33
41.53
40.52
40.80
40.50
41.05
39.50
40.70
42.29
43.01
41.53
45.68
47.49
44.10
39.69
35.72
36.70
34.11
31.49
33.61
30.25
28.83
31.71
34.88
37.51
34.71
31.24
32.52
35.27
35.02
35.73
36.14
34.93
33.18
29.86
31.60
32.41
30.55
31.02
34.12
33.88
32.51
32.36
32.68
33.66
33.60
32.18
32.31
32.30
32.31
29.66
30.40
28.81
26.54
23.89
22.18
23.23
23.95
25.70
24.61
22.88
25.17
25.59
27.13
26.97
26.79
26.01
24.60
23.70
25.70
25.14
25.20
25.98
26.18
25.52
25.80
25.06
25.31
25.20
25.84
26.43
25.98
27.08
26.86
26.45
26.94
27.46
27.75
27.42
25.50
26.23
26.26
26.99
28.06
27.18
28.22
29.05
30.18
30.06
31.15
30.95
31.41
30.00
29.59
30.20
30.31
30.25
29.90
29.69
29.45
29.82
29.74
29.59
29.00
29.24
29.18
28.50
28.40
29.43
29.46
28.58
28.76
29.38
29.89
29.99
30.98
31.28
31.30
30.36
30.77
30.11
31.01
31.51
31.01
30.48
30.55
30.09
30.78
30.62
29.98
27.32
27.60
28.12
26.20
27.50
26.50
26.97
26.10
26.38
25.85
26.59
27.08
26.65
26.41
26.99
26.49
25.51
24.91
24.80
25.46
25.81
26.91
25.71
25.50
25.07
24.80
25.63
25.83
25.82
25.89
28.48
28.50
28.60
25.74
26.05
24.20
25.24
26.34
25.76
25.20
25.56
25.22
24.89
24.58
24.40
25.61
25.49
25.05
25.62
26.27
26.60
26.48
26.79
26.09
25.98
25.94
25.63
26.24
26.37
26.51
26.78
26.57
26.26
25.90
26.26
25.82
26.29
26.46
26.43
26.18
26.38
26.03
25.41
25.20
24.84
25.13
24.61
24.47
24.49
24.08
23.56
24.49
24.10
23.69
24.20
23.64
23.95
25.00
25.68
25.60
25.60
25.79
25.87
26.31
26.69
26.72
26.81
27.20
27.90
27.20
29.51
29.86
29.52
28.21
28.68
28.86
28.18
30.00
31.60
31.06
31.41
31.01
30.00
30.54
30.20
30.28
30.55
32.15
32.10
31.30
32.31
32.84
32.60
33.85
35.35
35.55
32.90
33.63
35.82
36.17
38.00
37.27
38.48
39.89
38.79
38.71
39.65
39.36
37.80
39.93
39.39
37.20
35.60
36.08
36.69
33.88
30.49
27.63
30.39
29.17
26.50
26.10
24.45
22.58
24.84
26.87
29.56
29.15
26.24
27.36
29.10
29.00
29.02
29.95
31.38
30.60
27.54
28.37
30.50
28.78
30.23
29.96
31.69
30.70
30.22
31.07
32.67
32.51
33.00
32.91
32.45
34.00
30.60
31.47
30.21
27.90
25.11
22.60
23.38
24.89
26.13
26.06
25.96
26.14
24.85
25.39
26.13
25.41
24.92
22.90
22.95
24.81
23.90
23.81
24.58
24.61
24.14
24.53
23.93
24.03
23.09
23.30
24.36
24.43
25.39
25.15
25.09
25.44
25.79
25.65
25.92
24.91
25.95
26.70
26.45
26.25
25.59
26.16
26.28
26.49
26.44
27.44
27.45
27.81
28.15
27.93
27.89
28.12
27.33
27.18
27.00
26.69
27.18
27.11
27.11
27.16
27.42
27.00
25.50
26.30
26.26
26.49
26.00
26.88
26.03
26.12
26.24
25.68
25.94
25.89
26.07
26.70
26.59
27.88
27.74
27.60
27.08
27.32
26.65
26.81
27.20
27.30
25.27
25.27
25.60
23.72
24.30
23.10
23.32
22.39
22.96
22.09
22.50
23.03
22.62
22.01
22.14
22.13
20.55
20.53
20.36
20.81
20.32
20.93
21.08
21.35
21.11
21.18
21.81
21.90
21.77
22.17
22.36
22.00
21.92
20.19
20.69
20.03
20.54
21.25
21.18
20.93
21.31
21.35
21.37
21.00
20.75
21.49
21.55
21.29
21.84
22.20
22.47
22.47
22.29
22.80
23.16
22.84
22.28
23.08
23.18
22.90
23.40
23.42
22.73
22.43
22.97
22.77
23.17
23.35
23.27
22.70
22.77
22.45
22.21
22.30
22.70
22.52
