38.20
38.20
38.19
38.07
37.89
39.43
39.05
38.10
39.38
39.11
39.30
39.72
40.27
40.67
40.99
40.77
40.45
42.12
41.80
41.71
42.60
43.90
48.70
51.90
52.45
52.48
52.25
48.90
49.90
49.37
47.14
49.30
50.35
49.79
49.18
50.38
50.70
53.80
50.50
49.10
48.21
50.86
49.93
48.86
49.22
50.51
50.39
53.15
58.20
59.23
55.10
57.99
61.80
61.62
59.87
58.32
59.13
59.30
60.01
60.75
59.78
59.80
61.70
58.85
58.88
57.70
54.50
58.35
59.51
57.15
51.80
51.11
54.50
52.20
45.18
46.80
43.45
39.11
43.02
47.32
51.24
49.55
47.20
49.15
50.99
50.13
49.95
50.05
51.42
50.83
45.75
46.45
47.78
45.73
46.39
47.01
50.49
49.79
49.50
49.47
51.85
52.00
50.36
50.44
50.05
50.25
47.46
48.75
48.55
45.88
41.29
38.06
39.20
42.05
43.39
43.53
43.16
43.19
41.89
43.00
44.03
43.35
41.95
40.70
40.75
43.13
41.97
42.12
43.15
43.26
42.73
42.89
42.40
42.15
41.45
41.68
43.30
44.00
44.66
44.60
43.90
44.65
45.23
46.10
46.49
45.23
47.65
47.77
46.95
46.70
45.75
46.19
47.15
47.28
46.90
48.36
48.07
48.50
48.81
48.27
48.31
48.82
47.79
48.02
49.82
48.17
49.15
49.10
48.66
48.23
48.34
48.02
46.29
46.93
48.23
48.04
47.72
48.70
47.85
48.54
49.41
49.94
49.98
49.50
49.25
50.43
51.80
56.98
56.12
55.23
54.28
54.41
52.56
52.73
52.73
52.30
48.58
49.51
49.98
46.68
47.48
45.60
46.25
45.59
46.68
44.35
44.44
46.08
44.60
42.85
43.27
44.35
43.38
44.30
43.97
45.01
44.70
45.22
45.08
45.28
46.80
45.85
46.60
47.15
47.15
46.96
47.48
47.50
47.81
45.64
45.90
44.90
45.24
46.99
46.62
47.44
47.73
48.20
47.46
45.93
45.44
46.12
45.75
45.10
45.99
46.80
47.38
46.81
46.86
46.50
47.39
48.00
47.41
48.44
48.55
48.24
48.84
48.73
48.00
47.20
47.69
48.00
48.08
48.23
48.22
47.51
47.59
44.66
44.76
44.85
44.07
44.77
