40.19
41.54
39.71
41.49
39.63
40.25
39.20
38.01
38.32
38.65
38.85
38.25
38.60
40.15
39.61
40.55
39.95
39.26
40.75
42.98
43.09
42.61
41.32
39.97
40.74
41.66
40.88
39.91
42.69
42.29
40.88
44.35
44.60
43.82
42.50
42.30
40.42
40.75
38.31
37.56
38.22
39.19
38.25
37.39
37.62
38.58
38.43
39.82
41.27
40.93
38.30
37.13
38.90
38.80
39.39
38.61
40.33
41.53
40.52
40.80
40.50
41.05
39.50
40.70
42.29
43.01
41.53
45.68
47.49
44.10
39.69
35.72
36.70
34.11
31.49
33.61
30.25
28.83
31.71
34.88
37.51
34.71
31.24
32.52
35.27
35.02
35.73
36.14
34.93
33.18
29.86
31.60
32.41
30.55
31.02
34.12
33.88
32.51
32.36
32.68
33.66
33.60
32.18
32.31
32.30
32.31
29.66
30.40
28.81
26.54
23.89
22.18
23.23
23.95
25.70
24.61
22.88
25.17
25.59
27.13
26.97
26.79
26.01
24.60
23.70
25.70
25.14
25.20
25.98
26.18
25.52
25.80
25.06
25.31
25.20
25.84
26.43
25.98
27.08
26.86
26.45
26.94
27.46
27.75
27.42
25.50
26.23
26.26
26.99
28.06
27.18
28.22
29.05
30.18
30.06
31.15
30.95
31.41
30.00
29.59
30.20
30.31
30.25
29.90
29.69
29.45
29.82
29.74
29.59
29.00
29.24
29.18
28.50
28.40
29.43
29.46
28.58
28.76
29.38
29.89
29.99
30.98
31.28
31.30
30.36
30.77
30.11
31.01
31.51
31.01
30.48
30.55
30.09
30.78
30.62
29.98
27.32
27.60
28.12
26.20
27.50
26.50
26.97
26.10
26.38
25.85
26.59
27.08
26.65
26.41
26.99
26.49
25.51
24.91
24.80
25.46
25.81
26.91
25.71
25.50
25.07
24.80
25.63
25.83
25.82
25.89
28.48
28.50
28.60
25.74
26.05
24.20
25.24
26.34
25.76
25.20
25.56
25.22
24.89
24.58
24.40
25.61
25.49
25.05
25.62
26.27
26.60
26.48
26.79
26.09
25.98
25.94
25.63
26.24
26.37
26.51
26.78
26.57
26.26
25.90
26.26
25.82
26.29
26.46
26.43
26.18
26.38
26.03
25.41
25.20
24.84
25.13
