24.61
24.47
24.49
24.08
23.56
24.49
24.10
23.69
24.20
23.64
23.95
25.00
25.68
25.60
25.60
25.79
25.87
26.31
26.69
26.72
26.81
27.20
27.90
27.20
29.51
29.86
29.52
28.21
28.68
28.86
28.18
30.00
31.60
31.06
31.41
31.01
30.00
30.54
30.20
30.28
30.55
32.15
32.10
31.30
32.31
32.84
32.60
33.85
35.35
35.55
32.90
33.63
35.82
36.17
38.00
37.27
38.48
39.89
38.79
38.71
39.65
39.36
37.80
39.93
39.39
37.20
35.60
36.08
36.69
33.88
30.49
27.63
30.39
29.17
26.50
26.10
24.45
22.58
24.84
26.87
29.56
29.15
26.24
27.36
29.10
29.00
29.02
29.95
31.38
30.60
27.54
28.37
30.50
28.78
30.23
29.96
31.69
30.70
30.22
31.07
32.67
32.51
33.00
32.91
32.45
34.00
30.60
31.47
30.21
27.90
25.11
22.60
23.38
24.89
26.13
26.06
25.96
26.14
24.85
25.39
26.13
25.41
24.92
22.90
22.95
24.81
23.90
23.81
24.58
24.61
24.14
24.53
23.93
24.03
23.09
23.30
24.36
24.43
25.39
25.15
25.09
25.44
25.79
25.65
25.92
24.91
25.95
26.70
26.45
26.25
25.59
26.16
26.28
26.49
26.44
27.44
27.45
27.81
28.15
27.93
27.89
28.12
27.33
27.18
27.00
26.69
27.18
27.11
27.11
27.16
27.42
27.00
25.50
26.30
26.26
26.49
26.00
26.88
26.03
26.12
26.24
25.68
25.94
25.89
26.07
26.70
26.59
27.88
27.74
27.60
27.08
27.32
26.65
26.81
27.20
27.30
25.27
25.27
25.60
23.72
24.30
23.10
23.32
22.39
22.96
22.09
22.50
23.03
22.62
22.01
22.14
22.13
20.55
20.53
20.36
20.81
20.32
20.93
21.08
21.35
21.11
21.18
21.81
21.90
21.77
22.17
22.36
22.00
21.92
20.19
20.69
20.03
20.54
21.25
21.18
20.93
21.31
21.35
21.37
21.00
20.75
21.49
21.55
21.29
21.84
22.20
22.47
22.47
22.29
22.80
23.16
22.84
22.28
23.08
23.18
22.90
23.40
23.42
22.73
22.43
22.97
22.77
23.17
23.35
23.27
22.70
22.77
22.45
22.21
22.30
22.70
22.52
